"simulationTime[s]","patrolState","timeInState[s]"
494,PATROLLING,493.0
540,CALCULATING_PATH,46.0
1184,TRANSFER_TO_INTERVENTION,644.0
2069,INTERVENTION,885.0
2145,CALCULATING_PATH,76.0
3681,PATROLLING,1536.0
3736,CALCULATING_PATH,55.0
4908,PATROLLING,1172.0
4938,CALCULATING_PATH,30.0
5274,PATROLLING,336.0
5300,CALCULATING_PATH,26.0
5696,TRANSFER_TO_INTERVENTION,396.0
6886,INTERVENTION,1190.0
6913,CALCULATING_PATH,27.0
7904,PATROLLING,991.0
7936,CALCULATING_PATH,32.0
8649,PATROLLING,713.0
8713,CALCULATING_PATH,64.0
8823,PATROLLING,110.0
8851,CALCULATING_PATH,28.0
8987,TRANSFER_TO_INTERVENTION,136.0
9202,INTERVENTION,215.0
11552,FIRING,2350.0
11586,PATROLLING,34.0
11614,CALCULATING_PATH,27.0
11836,PATROLLING,222.0
11866,CALCULATING_PATH,30.0
12322,PATROLLING,456.0
12348,CALCULATING_PATH,26.0
12516,TRANSFER_TO_INTERVENTION,168.0
13294,INTERVENTION,778.0
13320,CALCULATING_PATH,26.0
13398,PATROLLING,78.0
13426,CALCULATING_PATH,28.0
14352,PATROLLING,926.0
14379,CALCULATING_PATH,27.0
14722,PATROLLING,343.0
14765,CALCULATING_PATH,43.0
14905,TRANSFER_TO_INTERVENTION,140.0
16565,INTERVENTION,1660.0
16592,CALCULATING_PATH,27.0
17091,PATROLLING,499.0
17117,CALCULATING_PATH,26.0
17284,TRANSFER_TO_INTERVENTION,167.0
18713,INTERVENTION,1429.0
18742,CALCULATING_PATH,29.0
19379,PATROLLING,637.0
19409,CALCULATING_PATH,30.0
20541,PATROLLING,1132.0
20569,CALCULATING_PATH,28.0
21165,PATROLLING,596.0
21219,CALCULATING_PATH,54.0
21868,PATROLLING,649.0
21898,CALCULATING_PATH,30.0
22064,TRANSFER_TO_INTERVENTION,166.0
23798,INTERVENTION,1734.0
23823,CALCULATING_PATH,25.0
23850,PATROLLING,27.0
23875,CALCULATING_PATH,25.0
24110,TRANSFER_TO_INTERVENTION,235.0
25687,INTERVENTION,1577.0
25717,CALCULATING_PATH,30.0
25801,PATROLLING,84.0
25828,CALCULATING_PATH,27.0
25913,TRANSFER_TO_INTERVENTION,85.0
27665,INTERVENTION,1752.0
27718,CALCULATING_PATH,53.0
27937,PATROLLING,219.0
27962,CALCULATING_PATH,25.0
28152,TRANSFER_TO_FIRING,190.0
32034,FIRING,3882.0
32064,PATROLLING,30.0
32096,CALCULATING_PATH,32.0
32989,RETURNING_TO_HQ,893.0
34140,PATROLLING,1151.0
34199,CALCULATING_PATH,59.0
34501,PATROLLING,302.0
34530,CALCULATING_PATH,29.0
35111,RETURNING_TO_HQ,581.0
36006,INTERVENTION,895.0
36033,CALCULATING_PATH,27.0
36066,PATROLLING,33.0
36094,CALCULATING_PATH,28.0
36804,RETURNING_TO_HQ,710.0
36862,PATROLLING,58.0
36890,CALCULATING_PATH,28.0
37170,PATROLLING,280.0
37197,CALCULATING_PATH,27.0
37465,TRANSFER_TO_INTERVENTION,268.0
38664,INTERVENTION,1199.0
38718,CALCULATING_PATH,54.0
39328,PATROLLING,610.0
39355,CALCULATING_PATH,27.0
39439,TRANSFER_TO_INTERVENTION,84.0
40688,INTERVENTION,1249.0
40717,CALCULATING_PATH,29.0
40745,PATROLLING,28.0
40773,CALCULATING_PATH,28.0
40983,TRANSFER_TO_INTERVENTION,210.0
42136,INTERVENTION,1153.0
42162,CALCULATING_PATH,26.0
42480,PATROLLING,318.0
42510,CALCULATING_PATH,30.0
42668,TRANSFER_TO_INTERVENTION,158.0
43650,INTERVENTION,982.0
43702,CALCULATING_PATH,52.0
43838,PATROLLING,136.0
43865,CALCULATING_PATH,27.0
44396,TRANSFER_TO_INTERVENTION,531.0
45687,INTERVENTION,1291.0
45771,CALCULATING_PATH,84.0
45801,PATROLLING,30.0
45835,CALCULATING_PATH,34.0
46027,TRANSFER_TO_FIRING,192.0
49578,FIRING,3551.0
49618,PATROLLING,40.0
49648,CALCULATING_PATH,30.0
50290,PATROLLING,642.0
50328,CALCULATING_PATH,38.0
50417,TRANSFER_TO_FIRING,89.0
54607,FIRING,4190.0
54643,PATROLLING,36.0
54672,CALCULATING_PATH,29.0
55188,PATROLLING,516.0
55217,CALCULATING_PATH,29.0
55724,RETURNING_TO_HQ,507.0
55978,PATROLLING,254.0
56004,CALCULATING_PATH,26.0
57063,RETURNING_TO_HQ,1059.0
57175,TRANSFER_TO_INTERVENTION,112.0
58622,INTERVENTION,1447.0
58659,CALCULATING_PATH,37.0
58690,PATROLLING,31.0
58722,CALCULATING_PATH,32.0
60028,RETURNING_TO_HQ,1306.0
60326,FIRING,298.0
60359,PATROLLING,33.0
60390,CALCULATING_PATH,31.0
61034,RETURNING_TO_HQ,644.0
61607,INTERVENTION,573.0
61634,CALCULATING_PATH,27.0
62422,PATROLLING,788.0
62451,CALCULATING_PATH,29.0
63618,PATROLLING,1167.0
63644,CALCULATING_PATH,26.0
64515,PATROLLING,871.0
64540,CALCULATING_PATH,25.0
65045,PATROLLING,505.0
65075,CALCULATING_PATH,30.0
65262,TRANSFER_TO_INTERVENTION,187.0
66791,INTERVENTION,1529.0
66818,CALCULATING_PATH,27.0
67559,PATROLLING,741.0
67613,CALCULATING_PATH,54.0
68927,PATROLLING,1314.0
68952,CALCULATING_PATH,25.0
69528,PATROLLING,576.0
69554,CALCULATING_PATH,26.0
69743,TRANSFER_TO_INTERVENTION,189.0
69770,CALCULATING_PATH,27.0
70050,TRANSFER_TO_FIRING,280.0
75193,FIRING,5143.0
75227,PATROLLING,34.0
75254,CALCULATING_PATH,27.0
76302,RETURNING_TO_HQ,1048.0
76332,PATROLLING,30.0
76358,CALCULATING_PATH,26.0
76890,TRANSFER_TO_INTERVENTION,532.0
76918,CALCULATING_PATH,28.0
77052,TRANSFER_TO_FIRING,134.0
82120,FIRING,5068.0
82153,PATROLLING,33.0
82182,CALCULATING_PATH,29.0
82483,RETURNING_TO_HQ,301.0
82516,PATROLLING,33.0
82546,CALCULATING_PATH,30.0
82760,RETURNING_TO_HQ,214.0
83785,FIRING,1025.0
83820,PATROLLING,35.0
83850,CALCULATING_PATH,30.0
84643,PATROLLING,793.0
84668,CALCULATING_PATH,25.0
84810,TRANSFER_TO_INTERVENTION,142.0
85858,INTERVENTION,1048.0
85888,CALCULATING_PATH,30.0
86296,PATROLLING,408.0
86322,CALCULATING_PATH,26.0
