"simulationTime[s]","patrolState","timeInState[s]"
1771,PATROLLING,1687.0
1854,TRANSFER_TO_INTERVENTION,83.0
3679,INTERVENTION,1825.0
3741,CALCULATING_PATH,62.0
4218,PATROLLING,477.0
4290,CALCULATING_PATH,72.0
5146,PATROLLING,856.0
5207,CALCULATING_PATH,61.0
5522,TRANSFER_TO_INTERVENTION,315.0
6368,INTERVENTION,846.0
6395,CALCULATING_PATH,27.0
6486,PATROLLING,91.0
6514,CALCULATING_PATH,28.0
6686,TRANSFER_TO_INTERVENTION,172.0
8179,INTERVENTION,1493.0
12159,FIRING,3980.0
12199,PATROLLING,40.0
12226,CALCULATING_PATH,27.0
12582,PATROLLING,356.0
12641,CALCULATING_PATH,59.0
13227,PATROLLING,586.0
13258,CALCULATING_PATH,31.0
13441,TRANSFER_TO_INTERVENTION,183.0
15110,INTERVENTION,1669.0
15140,CALCULATING_PATH,30.0
15246,PATROLLING,106.0
15312,CALCULATING_PATH,66.0
15417,TRANSFER_TO_INTERVENTION,105.0
16401,INTERVENTION,984.0
16456,CALCULATING_PATH,55.0
16963,PATROLLING,507.0
17050,CALCULATING_PATH,87.0
17452,PATROLLING,402.0
17506,CALCULATING_PATH,54.0
18332,PATROLLING,826.0
18363,CALCULATING_PATH,31.0
18741,PATROLLING,378.0
18777,CALCULATING_PATH,36.0
18839,PATROLLING,62.0
18910,CALCULATING_PATH,71.0
19033,TRANSFER_TO_INTERVENTION,123.0
20269,INTERVENTION,1236.0
20334,CALCULATING_PATH,65.0
20464,PATROLLING,130.0
20500,CALCULATING_PATH,36.0
20677,TRANSFER_TO_INTERVENTION,177.0
22100,INTERVENTION,1423.0
22144,CALCULATING_PATH,44.0
22472,PATROLLING,328.0
22499,CALCULATING_PATH,27.0
22653,PATROLLING,154.0
22711,CALCULATING_PATH,58.0
23276,PATROLLING,565.0
23344,CALCULATING_PATH,68.0
23440,TRANSFER_TO_INTERVENTION,96.0
24688,INTERVENTION,1248.0
24716,CALCULATING_PATH,27.0
25108,PATROLLING,392.0
25168,CALCULATING_PATH,60.0
25535,PATROLLING,367.0
25572,CALCULATING_PATH,37.0
25762,TRANSFER_TO_INTERVENTION,190.0
27158,INTERVENTION,1396.0
27209,CALCULATING_PATH,51.0
27929,PATROLLING,720.0
27956,CALCULATING_PATH,27.0
28449,PATROLLING,493.0
28479,CALCULATING_PATH,30.0
28542,TRANSFER_TO_INTERVENTION,63.0
29993,INTERVENTION,1451.0
30028,CALCULATING_PATH,35.0
30058,PATROLLING,30.0
30128,CALCULATING_PATH,70.0
30663,RETURNING_TO_HQ,535.0
31031,FIRING,368.0
31065,CALCULATING_PATH,34.0
31096,PATROLLING,31.0
31130,CALCULATING_PATH,34.0
31188,TRANSFER_TO_INTERVENTION,58.0
33000,INTERVENTION,1812.0
33065,CALCULATING_PATH,65.0
33100,PATROLLING,35.0
33169,CALCULATING_PATH,69.0
33395,RETURNING_TO_HQ,226.0
33464,CALCULATING_PATH,69.0
34228,PATROLLING,764.0
34262,CALCULATING_PATH,34.0
34630,PATROLLING,368.0
34684,CALCULATING_PATH,54.0
35730,PATROLLING,1046.0
35786,CALCULATING_PATH,56.0
36103,PATROLLING,317.0
36129,CALCULATING_PATH,26.0
36154,TRANSFER_TO_INTERVENTION,25.0
37436,INTERVENTION,1282.0
37490,CALCULATING_PATH,54.0
37517,PATROLLING,27.0
37543,CALCULATING_PATH,26.0
37762,RETURNING_TO_HQ,219.0
37992,INTERVENTION,230.0
38057,CALCULATING_PATH,65.0
38084,PATROLLING,27.0
38136,CALCULATING_PATH,52.0
38413,RETURNING_TO_HQ,277.0
38439,PATROLLING,26.0
38526,CALCULATING_PATH,87.0
39384,RETURNING_TO_HQ,858.0
39910,FIRING,526.0
39940,PATROLLING,30.0
39967,CALCULATING_PATH,27.0
40167,RETURNING_TO_HQ,200.0
42421,FIRING,2254.0
42454,PATROLLING,33.0
42482,CALCULATING_PATH,28.0
42623,TRANSFER_TO_FIRING,141.0
46212,FIRING,3589.0
46245,PATROLLING,33.0
46280,CALCULATING_PATH,35.0
46364,TRANSFER_TO_FIRING,84.0
48880,FIRING,2516.0
48932,PATROLLING,52.0
48966,CALCULATING_PATH,34.0
50333,RETURNING_TO_HQ,1367.0
50658,FIRING,325.0
50699,PATROLLING,41.0
50756,CALCULATING_PATH,57.0
52345,PATROLLING,1589.0
52404,CALCULATING_PATH,59.0
53245,PATROLLING,841.0
53275,CALCULATING_PATH,30.0
53449,TRANSFER_TO_INTERVENTION,174.0
54778,INTERVENTION,1329.0
54804,CALCULATING_PATH,26.0
55026,PATROLLING,222.0
55053,CALCULATING_PATH,27.0
55133,TRANSFER_TO_INTERVENTION,80.0
56680,INTERVENTION,1547.0
56741,CALCULATING_PATH,61.0
56977,PATROLLING,236.0
57007,CALCULATING_PATH,30.0
57149,TRANSFER_TO_FIRING,142.0
61483,FIRING,4334.0
61514,PATROLLING,31.0
61548,CALCULATING_PATH,34.0
62283,RETURNING_TO_HQ,735.0
63080,INTERVENTION,797.0
66569,FIRING,3489.0
66596,PATROLLING,27.0
66649,CALCULATING_PATH,53.0
66788,TRANSFER_TO_INTERVENTION,139.0
68167,INTERVENTION,1379.0
68193,CALCULATING_PATH,26.0
68294,PATROLLING,101.0
68324,CALCULATING_PATH,30.0
68466,TRANSFER_TO_INTERVENTION,142.0
69856,INTERVENTION,1390.0
69907,CALCULATING_PATH,51.0
69934,PATROLLING,27.0
69960,CALCULATING_PATH,26.0
70347,TRANSFER_TO_INTERVENTION,387.0
71496,INTERVENTION,1149.0
71552,CALCULATING_PATH,56.0
72404,PATROLLING,852.0
72456,CALCULATING_PATH,52.0
72543,TRANSFER_TO_INTERVENTION,87.0
72568,CALCULATING_PATH,25.0
72751,TRANSFER_TO_FIRING,183.0
77651,FIRING,4900.0
77693,PATROLLING,42.0
77719,CALCULATING_PATH,26.0
78874,RETURNING_TO_HQ,1155.0
81028,FIRING,2154.0
81061,PATROLLING,33.0
81091,CALCULATING_PATH,30.0
82125,RETURNING_TO_HQ,1034.0
84843,FIRING,2718.0
84886,PATROLLING,43.0
84948,CALCULATING_PATH,62.0
85040,PATROLLING,92.0
85069,CALCULATING_PATH,29.0
85121,TRANSFER_TO_INTERVENTION,52.0
85790,INTERVENTION,669.0
